CF A7 E0 A1 08 55 55 FF 00 00 00 30 00 00 00 30 00 00 00 01 00 00 00 01 00 00 00 08 00 00 00 01 00 00 00 0A 00 00 00 00
CF A7 E0 A1 08 55 55 FF 00 00 00 31 00 00 00 31 00 00 00 0B 00 00 00 01 00 00 00 05 00 00 00 01 00 00 00 0A 00 00 00 00
CF A7 E0 A1 08 55 55 FF 00 00 00 32 00 00 00 32 00 00 00 12 00 00 00 01 00 00 00 08 00 00 00 01 00 00 00 0A 00 00 00 00
CF A7 E0 A1 08 55 55 FF 00 00 00 33 00 00 00 33 00 00 00 1C 00 00 00 01 00 00 00 08 00 00 00 01 00 00 00 0A 00 00 00 00
CF A7 E0 A1 08 55 55 FF 00 00 00 34 00 00 00 34 00 00 00 26 00 00 00 01 00 00 00 09 00 00 00 01 00 00 00 0A 00 00 00 00
CF A7 E0 A1 08 55 55 FF 00 00 00 35 00 00 00 35 00 00 00 31 00 00 00 01 00 00 00 09 00 00 00 00 00 00 00 0A 00 00 00 00
CF A7 E0 A1 08 55 55 FF 00 00 00 36 00 00 00 36 00 00 00 3C 00 00 00 01 00 00 00 08 00 00 00 01 00 00 00 0A 00 00 00 00
CF A7 E0 A1 08 55 55 FF 00 00 00 37 00 00 00 37 00 00 00 46 00 00 00 01 00 00 00 09 00 00 00 01 00 00 00 0A 00 00 00 00
CF A7 E0 A1 08 55 55 FF 00 00 00 38 00 00 00 38 00 00 00 51 00 00 00 01 00 00 00 08 00 00 00 01 00 00 00 0A 00 00 00 00
CF A7 E0 A1 08 55 55 FF 00 00 00 39 00 00 00 39 00 00 00 5B 00 00 00 01 00 00 00 08 00 00 00 01 00 00 00 0A 00 00 00 00
CF A7 E0 A1 08 55 55 FF 00 00 81 A1 00 E2 96 A0 00 00 00 65 00 00 00 01 00 00 00 0D 00 00 00 01 00 00 00 0E 00 00 00 00
CF A7 E0 A1 08 55 55 FF 00 00 82 9F 00 E3 81 81 00 00 00 74 00 00 00 01 00 00 00 0A 00 00 00 02 00 00 00 0E 00 00 00 00
CF A7 E0 A1 08 55 55 FF 00 00 82 A0 00 E3 81 82 00 00 00 01 00 00 00 14 00 00 00 0C 00 00 00 01 00 00 00 0E 00 00 00 00
CF A7 E0 A1 08 55 55 FF 00 00 82 A1 00 E3 81 83 00 00 00 0F 00 00 00 14 00 00 00 0A 00 00 00 02 00 00 00 0E 00 00 00 00
CF A7 E0 A1 08 55 55 FF 00 00 82 A2 00 E3 81 84 00 00 00 1B 00 00 00 14 00 00 00 0B 00 00 00 02 00 00 00 0E 00 00 00 00
CF A7 E0 A1 08 55 55 FF 00 00 82 A3 00 E3 81 85 00 00 00 28 00 00 00 14 00 00 00 0B 00 00 00 01 00 00 00 0E 00 00 00 00
                                                      вертикаль    горизонт    ширина      Свиг        отступ     Последнй байт слой
													                                     вправо. но  после символа
																						 не сдвигает 
																						 последующие
																						 символы
CF A7 E0 A1 08 55 55 FF 00 00 84 44 00 00 D0 94 00 00 00 CF 00 00 00 4F 00 00 00 14 00 00 00 02 00 00 00 19 00 00 00 00

cf a7 e0 a1 08 55 55 ff 00 00 84 86 00 00 d1 84 00 00 04 75 00 00 00 4f 00 00 00 16 00 00 00 01 00 00 00 14 00 00 00 00


ft_sys_humm_b36p имеет4бита на канал.  4.4.4.4       RGB  16 bpp | unsigned
заголовок ft_gaiji.cfg.bin 
 0-3 количество 
 4-7 длина от начала файла до конца блока описаний шрифта с добивкой
 8-B длина блока названий символов без учёта добивки. считается от конца предыдущего блока
 C-F количество
 8A7B5B17 075415FF 0000002F 00000060 0000002A 00000030 0000002A 00000000 00000000
                    начало
					названия
					символа