000000000000000000000000000001000000010000000000
000000010000000000000000000001000000010000000000
000000020000000000000000000001000000010000000000
000000030000000000000000000001000000010000000000
000000040000000000000000000001000000010000000000
000000050000000000000000000001000000010000000000
000000060000000000000000000001000000010000000000
000000070000000000000000000001000000010000000000
0000000800000000000000000000000f0000010000000000
000000000000000100000000000001000000010000000000
000000010000000100000000000001000000010000000000
000000020000000100000000000001000000010000000000
000000030000000100000000000001000000010000000000
000000040000000100000000000001000000010000000000
000000050000000100000000000001000000010000000000
000000060000000100000000000001000000010000000000
000000070000000100000000000001000000010000000000
0000000800000001000000000000000f0000010000000000
000000000000000200000000000001000000010000000000
000000010000000200000000000001000000010000000000
000000020000000200000000000001000000010000000000
000000030000000200000000000001000000010000000000
000000040000000200000000000001000000010000000000
000000050000000200000000000001000000010000000000
000000060000000200000000000001000000010000000000
000000070000000200000000000001000000010000000000
0000000800000002000000000000000f0000010000000000
000000000000000300000000000001000000010000000000
000000010000000300000000000001000000010000000000
000000020000000300000000000001000000010000000000
000000030000000300000000000001000000010000000000
000000040000000300000000000001000000010000000000
000000050000000300000000000001000000010000000000
000000060000000300000000000001000000010000000000
000000070000000300000000000001000000010000000000
0000000800000003000000000000000f0000010000000000
000000000000000400000000000001000000010000000000
000000010000000400000000000001000000010000000000
000000020000000400000000000001000000010000000000
000000030000000400000000000001000000010000000000
000000040000000400000000000001000000010000000000
000000050000000400000000000001000000010000000000
000000060000000400000000000001000000010000000000
000000070000000400000000000001000000010000000000
0000000800000004000000000000000f0000010000000000
00000000000000050000000000000100000000f800000000
00000001000000050000000000000100000000f800000000
00000002000000050000000000000100000000f800000000
00000003000000050000000000000100000000f800000000
00000004000000050000000000000100000000f800000000
00000005000000050000000000000100000000f800000000
00000006000000050000000000000100000000f800000000
00000007000000050000000000000100000000f800000000
0000000800000005000000000000000f000000f800000000
000000000000000000000001000001000000010000000000
000000010000000000000001000001000000010000000000
000000020000000000000001000001000000010000000000
000000030000000000000001000001000000010000000000
000000040000000000000001000000070000010000000000
000000000000000100000001000001000000010000000000
000000010000000100000001000001000000010000000000
000000020000000100000001000001000000010000000000
000000030000000100000001000001000000010000000000
000000040000000100000001000000070000010000000000
00000000000000020000000100000100000000fc00000000
00000001000000020000000100000100000000fc00000000
00000002000000020000000100000100000000fc00000000
00000003000000020000000100000100000000fc00000000
00000004000000020000000100000007000000fc00000000
000000000000000000000002000001000000010000000000
000000010000000000000002000001000000010000000000
000000020000000000000002000000030000010000000000
000000000000000100000002000001000000007e00000000
000000010000000100000002000001000000007e00000000
000000020000000100000002000000030000007e00000000
00000000000000000000000300000100000000bf00000000
00000001000000000000000300000001000000bf00000000
000000000000000000000004000000800000005f00000000
